380676
380674
380673
380460
380449
383583
381155
381729
381739
381734
381376
381644
382586
382761
382108
382747
382372
382373
382797
382754
382686
382060
382062
382129
382349
382101
382100
382370
382093
382112
382365
383644
383305
383674
383293
383029
383654
383581
382650
383568
383457
382819
385116
385117
384870
384046
385085
385088
385121
385006
385103
384800
384801
384514
384531
384702
384703
384513
384526
383803
383849
384228
384467
384232
383889
383979
384150
386334
385973
386327
385742
385733
385718
385655
385743
385774
385936
385629
385722
385724
385720
385758
385725
385690
385721
385174
385601
385580
386226
385173
385170
385929
386057
386054
385731
386053
387709
387715
387930
387716
387777
388044
388042
388045
387704
387707
387706
387928
388110
387804
388040
387708
387233
387044
387119
386853
387118
387116
387157
387120
387113
387265
387259
387130
386992
388757
387866
388669
388693
388758
388843
388854
388855
388864
388886
388896
388913
388920
388945
389019
389032
389764
391836
391941
391835
391754
391751
391741
391750
391661
391283
390964
391293
391295
391294
391287
390965
390941
390963
391269
389285
391270
391289
389741
389567
389460
391268
391267
389723
389724
390148
389954
389733
389722
391284
389116
389748
389441
389555
389823
389110
391463
391466
391458
389631
390893
389628
389625
392805
393009
393013
393017
393018
393019
393020
393022
393023
393025
393026
393039
393040
393041
393042
393044
393045
393046
393194
393195
